[1.jpg]
filters=autolight=1;autocolor=1;IR=1,0.000000;finetune2=1,0.520468,0.000000,0.230175,00000000,0.005848;enhance=1;QuantizePalette=1,30.000000,25.146198,0.000000;finetune2=1,0.000000,0.000000,0.000000,00000000,-0.005848;sepia=1;FocalZoom=1,0.508076,0.470588,55.421051,0.000000,0.000000,0.000000;
moddate=75d0a3452b9bd601
width=1183
height=887
textactive=0
